Iter 2/4. Initiating ADPC policy start.
Set 2/4. Initiating ADPC policy end. Elaplsed time 10661.95409989357 sec.
Finished Running Set 2 from test id 0 with params: {'Distrbution': 'Poission', 'L': 15, 'T': 28, 'h': [5, 5, 5, 5, 5, 5, 5, 5, 5, 5, 5, 5, 5, 5, 5], 'p': [80, 80, 80, 80, 80, 80, 80, 80, 80, 80, 80, 80, 80, 80, 80], 'mu': [24, 24, 24, 24, 24, 24, 24, 24, 24, 24, 24, 24, 24, 24, 24], 'c': 0.5, 'tc_u': [0, 5, 20, 30, 40], 'tc_m': [1, 0.5, 0.25, 0.2, 0.1], 'rho': array([[  0.  ,  50.17,  82.42,  32.76,  33.2 ,  35.45,  86.88,  79.11,
         43.17,  66.2 ,  84.52,  59.01,  18.45,  47.02,  93.01],
       [ 50.17,   0.  ,  72.64,  72.51,  17.06,  80.25,  39.92,  68.93,
         43.41,  42.96,  47.46,  49.74,  33.31,  53.9 ,  56.96],
       [ 82.42,  72.64,   0.  ,  71.69,  70.92,  82.51,  67.88,   3.76,
         39.74,  30.73,  45.61,  25.06,  69.71,  36.09,  44.99],
       [ 32.76,  72.51,  71.69,   0.  ,  56.56,  11.03, 101.35,  69.39,
         42.09,  68.58,  91.36,  55.19,  40.61,  37.94,  97.85],
       [ 33.2 ,  17.06,  70.92,  56.56,   0.  ,  63.68,  54.71,  67.16,
         34.89,  44.99,  56.87,  46.07,  16.43,  44.58,  66.17],
       [ 35.45,  80.25,  82.51,  11.03,  63.68,   0.  , 111.04,  80.29,
         52.78,  79.36, 101.94,  66.18,  47.3 ,  48.96, 108.62],
       [ 86.88,  39.92,  67.88, 101.35,  54.71, 111.04,   0.  ,  65.13,
         61.37,  40.82,  23.23,  56.18,  68.54,  70.11,  29.18],
       [ 79.11,  68.93,   3.76,  69.39,  67.16,  80.29,  65.13,   0.  ,
         36.26,  27.24,  43.23,  21.36,  66.13,  33.13,  43.28],
       [ 43.17,  43.41,  39.74,  42.09,  34.89,  52.78,  61.37,  36.26,
          0.  ,  26.62,  49.3 ,  15.89,  30.14,  10.51,  55.84],
       [ 66.2 ,  42.96,  30.73,  68.58,  44.99,  79.36,  40.82,  27.24,
         26.62,   0.  ,  23.54,  15.87,  49.45,  32.2 ,  29.27],
       [ 84.52,  47.46,  45.61,  91.36,  56.87, 101.94,  23.23,  43.23,
         49.3 ,  23.54,   0.  ,  39.2 ,  66.42,  55.71,   9.51],
       [ 59.01,  49.74,  25.06,  55.19,  46.07,  66.18,  56.18,  21.36,
         15.89,  15.87,  39.2 ,   0.  ,  44.98,  17.44,  43.88],
       [ 18.45,  33.31,  69.71,  40.61,  16.43,  47.3 ,  68.54,  66.13,
         30.14,  49.45,  66.42,  44.98,   0.  ,  37.3 ,  75.12],
       [ 47.02,  53.9 ,  36.09,  37.94,  44.58,  48.96,  70.11,  33.13,
         10.51,  32.2 ,  55.71,  17.44,  37.3 ,   0.  ,  61.08],
       [ 93.01,  56.96,  44.99,  97.85,  66.17, 108.62,  29.18,  43.28,
         55.84,  29.27,   9.51,  43.88,  75.12,  61.08,   0.  ]]), 'S': [697, 697, 697, 697, 697, 697, 697, 697, 697, 697, 697, 697, 697, 697, 697]} 
Iter 2/4. Initiating TIEC policy start.
Set 2/4. Initiating TIEC policy end. Elaplsed time 4.696846008300781e-05 sec.
Finished Running Set 2 from test id 0 with params: {'Distrbution': 'Poission', 'L': 15, 'T': 28, 'h': [5, 5, 5, 5, 5, 5, 5, 5, 5, 5, 5, 5, 5, 5, 5], 'p': [80, 80, 80, 80, 80, 80, 80, 80, 80, 80, 80, 80, 80, 80, 80], 'mu': [24, 24, 24, 24, 24, 24, 24, 24, 24, 24, 24, 24, 24, 24, 24], 'c': 0.5, 'tc_u': [0, 5, 20, 30, 40], 'tc_m': [1, 0.5, 0.25, 0.2, 0.1], 'rho': array([[  0.  ,  50.17,  82.42,  32.76,  33.2 ,  35.45,  86.88,  79.11,
         43.17,  66.2 ,  84.52,  59.01,  18.45,  47.02,  93.01],
       [ 50.17,   0.  ,  72.64,  72.51,  17.06,  80.25,  39.92,  68.93,
         43.41,  42.96,  47.46,  49.74,  33.31,  53.9 ,  56.96],
       [ 82.42,  72.64,   0.  ,  71.69,  70.92,  82.51,  67.88,   3.76,
         39.74,  30.73,  45.61,  25.06,  69.71,  36.09,  44.99],
       [ 32.76,  72.51,  71.69,   0.  ,  56.56,  11.03, 101.35,  69.39,
         42.09,  68.58,  91.36,  55.19,  40.61,  37.94,  97.85],
       [ 33.2 ,  17.06,  70.92,  56.56,   0.  ,  63.68,  54.71,  67.16,
         34.89,  44.99,  56.87,  46.07,  16.43,  44.58,  66.17],
       [ 35.45,  80.25,  82.51,  11.03,  63.68,   0.  , 111.04,  80.29,
         52.78,  79.36, 101.94,  66.18,  47.3 ,  48.96, 108.62],
       [ 86.88,  39.92,  67.88, 101.35,  54.71, 111.04,   0.  ,  65.13,
         61.37,  40.82,  23.23,  56.18,  68.54,  70.11,  29.18],
       [ 79.11,  68.93,   3.76,  69.39,  67.16,  80.29,  65.13,   0.  ,
         36.26,  27.24,  43.23,  21.36,  66.13,  33.13,  43.28],
       [ 43.17,  43.41,  39.74,  42.09,  34.89,  52.78,  61.37,  36.26,
          0.  ,  26.62,  49.3 ,  15.89,  30.14,  10.51,  55.84],
       [ 66.2 ,  42.96,  30.73,  68.58,  44.99,  79.36,  40.82,  27.24,
         26.62,   0.  ,  23.54,  15.87,  49.45,  32.2 ,  29.27],
       [ 84.52,  47.46,  45.61,  91.36,  56.87, 101.94,  23.23,  43.23,
         49.3 ,  23.54,   0.  ,  39.2 ,  66.42,  55.71,   9.51],
       [ 59.01,  49.74,  25.06,  55.19,  46.07,  66.18,  56.18,  21.36,
         15.89,  15.87,  39.2 ,   0.  ,  44.98,  17.44,  43.88],
       [ 18.45,  33.31,  69.71,  40.61,  16.43,  47.3 ,  68.54,  66.13,
         30.14,  49.45,  66.42,  44.98,   0.  ,  37.3 ,  75.12],
       [ 47.02,  53.9 ,  36.09,  37.94,  44.58,  48.96,  70.11,  33.13,
         10.51,  32.2 ,  55.71,  17.44,  37.3 ,   0.  ,  61.08],
       [ 93.01,  56.96,  44.99,  97.85,  66.17, 108.62,  29.18,  43.28,
         55.84,  29.27,   9.51,  43.88,  75.12,  61.08,   0.  ]]), 'S': [697, 697, 697, 697, 697, 697, 697, 697, 697, 697, 697, 697, 697, 697, 697]} 
Iter 2/4. Initiating LAC policy start.
Set 2/4. Initiating LAC policy end. Elaplsed time 5.1975250244140625e-05 sec.
Finished Running Set 2 from test id 0 with params: {'Distrbution': 'Poission', 'L': 15, 'T': 28, 'h': [5, 5, 5, 5, 5, 5, 5, 5, 5, 5, 5, 5, 5, 5, 5], 'p': [80, 80, 80, 80, 80, 80, 80, 80, 80, 80, 80, 80, 80, 80, 80], 'mu': [24, 24, 24, 24, 24, 24, 24, 24, 24, 24, 24, 24, 24, 24, 24], 'c': 0.5, 'tc_u': [0, 5, 20, 30, 40], 'tc_m': [1, 0.5, 0.25, 0.2, 0.1], 'rho': array([[  0.  ,  50.17,  82.42,  32.76,  33.2 ,  35.45,  86.88,  79.11,
         43.17,  66.2 ,  84.52,  59.01,  18.45,  47.02,  93.01],
       [ 50.17,   0.  ,  72.64,  72.51,  17.06,  80.25,  39.92,  68.93,
         43.41,  42.96,  47.46,  49.74,  33.31,  53.9 ,  56.96],
       [ 82.42,  72.64,   0.  ,  71.69,  70.92,  82.51,  67.88,   3.76,
         39.74,  30.73,  45.61,  25.06,  69.71,  36.09,  44.99],
       [ 32.76,  72.51,  71.69,   0.  ,  56.56,  11.03, 101.35,  69.39,
         42.09,  68.58,  91.36,  55.19,  40.61,  37.94,  97.85],
       [ 33.2 ,  17.06,  70.92,  56.56,   0.  ,  63.68,  54.71,  67.16,
         34.89,  44.99,  56.87,  46.07,  16.43,  44.58,  66.17],
       [ 35.45,  80.25,  82.51,  11.03,  63.68,   0.  , 111.04,  80.29,
         52.78,  79.36, 101.94,  66.18,  47.3 ,  48.96, 108.62],
       [ 86.88,  39.92,  67.88, 101.35,  54.71, 111.04,   0.  ,  65.13,
         61.37,  40.82,  23.23,  56.18,  68.54,  70.11,  29.18],
       [ 79.11,  68.93,   3.76,  69.39,  67.16,  80.29,  65.13,   0.  ,
         36.26,  27.24,  43.23,  21.36,  66.13,  33.13,  43.28],
       [ 43.17,  43.41,  39.74,  42.09,  34.89,  52.78,  61.37,  36.26,
          0.  ,  26.62,  49.3 ,  15.89,  30.14,  10.51,  55.84],
       [ 66.2 ,  42.96,  30.73,  68.58,  44.99,  79.36,  40.82,  27.24,
         26.62,   0.  ,  23.54,  15.87,  49.45,  32.2 ,  29.27],
       [ 84.52,  47.46,  45.61,  91.36,  56.87, 101.94,  23.23,  43.23,
         49.3 ,  23.54,   0.  ,  39.2 ,  66.42,  55.71,   9.51],
       [ 59.01,  49.74,  25.06,  55.19,  46.07,  66.18,  56.18,  21.36,
         15.89,  15.87,  39.2 ,   0.  ,  44.98,  17.44,  43.88],
       [ 18.45,  33.31,  69.71,  40.61,  16.43,  47.3 ,  68.54,  66.13,
         30.14,  49.45,  66.42,  44.98,   0.  ,  37.3 ,  75.12],
       [ 47.02,  53.9 ,  36.09,  37.94,  44.58,  48.96,  70.11,  33.13,
         10.51,  32.2 ,  55.71,  17.44,  37.3 ,   0.  ,  61.08],
       [ 93.01,  56.96,  44.99,  97.85,  66.17, 108.62,  29.18,  43.28,
         55.84,  29.27,   9.51,  43.88,  75.12,  61.08,   0.  ]]), 'S': [697, 697, 697, 697, 697, 697, 697, 697, 697, 697, 697, 697, 697, 697, 697]} 
Iter 2/4. Initiating NT policy start.
Set 2/4. Initiating NT policy end. Elaplsed time 3.0040740966796875e-05 sec.
Finished Running Set 2 from test id 0 with params: {'Distrbution': 'Poission', 'L': 15, 'T': 28, 'h': [5, 5, 5, 5, 5, 5, 5, 5, 5, 5, 5, 5, 5, 5, 5], 'p': [80, 80, 80, 80, 80, 80, 80, 80, 80, 80, 80, 80, 80, 80, 80], 'mu': [24, 24, 24, 24, 24, 24, 24, 24, 24, 24, 24, 24, 24, 24, 24], 'c': 0.5, 'tc_u': [0, 5, 20, 30, 40], 'tc_m': [1, 0.5, 0.25, 0.2, 0.1], 'rho': array([[  0.  ,  50.17,  82.42,  32.76,  33.2 ,  35.45,  86.88,  79.11,
         43.17,  66.2 ,  84.52,  59.01,  18.45,  47.02,  93.01],
       [ 50.17,   0.  ,  72.64,  72.51,  17.06,  80.25,  39.92,  68.93,
         43.41,  42.96,  47.46,  49.74,  33.31,  53.9 ,  56.96],
       [ 82.42,  72.64,   0.  ,  71.69,  70.92,  82.51,  67.88,   3.76,
         39.74,  30.73,  45.61,  25.06,  69.71,  36.09,  44.99],
       [ 32.76,  72.51,  71.69,   0.  ,  56.56,  11.03, 101.35,  69.39,
         42.09,  68.58,  91.36,  55.19,  40.61,  37.94,  97.85],
       [ 33.2 ,  17.06,  70.92,  56.56,   0.  ,  63.68,  54.71,  67.16,
         34.89,  44.99,  56.87,  46.07,  16.43,  44.58,  66.17],
       [ 35.45,  80.25,  82.51,  11.03,  63.68,   0.  , 111.04,  80.29,
         52.78,  79.36, 101.94,  66.18,  47.3 ,  48.96, 108.62],
       [ 86.88,  39.92,  67.88, 101.35,  54.71, 111.04,   0.  ,  65.13,
         61.37,  40.82,  23.23,  56.18,  68.54,  70.11,  29.18],
       [ 79.11,  68.93,   3.76,  69.39,  67.16,  80.29,  65.13,   0.  ,
         36.26,  27.24,  43.23,  21.36,  66.13,  33.13,  43.28],
       [ 43.17,  43.41,  39.74,  42.09,  34.89,  52.78,  61.37,  36.26,
          0.  ,  26.62,  49.3 ,  15.89,  30.14,  10.51,  55.84],
       [ 66.2 ,  42.96,  30.73,  68.58,  44.99,  79.36,  40.82,  27.24,
         26.62,   0.  ,  23.54,  15.87,  49.45,  32.2 ,  29.27],
       [ 84.52,  47.46,  45.61,  91.36,  56.87, 101.94,  23.23,  43.23,
         49.3 ,  23.54,   0.  ,  39.2 ,  66.42,  55.71,   9.51],
       [ 59.01,  49.74,  25.06,  55.19,  46.07,  66.18,  56.18,  21.36,
         15.89,  15.87,  39.2 ,   0.  ,  44.98,  17.44,  43.88],
       [ 18.45,  33.31,  69.71,  40.61,  16.43,  47.3 ,  68.54,  66.13,
         30.14,  49.45,  66.42,  44.98,   0.  ,  37.3 ,  75.12],
       [ 47.02,  53.9 ,  36.09,  37.94,  44.58,  48.96,  70.11,  33.13,
         10.51,  32.2 ,  55.71,  17.44,  37.3 ,   0.  ,  61.08],
       [ 93.01,  56.96,  44.99,  97.85,  66.17, 108.62,  29.18,  43.28,
         55.84,  29.27,   9.51,  43.88,  75.12,  61.08,   0.  ]]), 'S': [697, 697, 697, 697, 697, 697, 697, 697, 697, 697, 697, 697, 697, 697, 697]} 
Iter 2/4. Initiating RCP policy start.
Set 2/4. Initiating RCP policy end. Elaplsed time 2.8848648071289062e-05 sec.
Finished Running Set 2 from test id 0 with params: {'Distrbution': 'Poission', 'L': 15, 'T': 28, 'h': [5, 5, 5, 5, 5, 5, 5, 5, 5, 5, 5, 5, 5, 5, 5], 'p': [80, 80, 80, 80, 80, 80, 80, 80, 80, 80, 80, 80, 80, 80, 80], 'mu': [24, 24, 24, 24, 24, 24, 24, 24, 24, 24, 24, 24, 24, 24, 24], 'c': 0.5, 'tc_u': [0, 5, 20, 30, 40], 'tc_m': [1, 0.5, 0.25, 0.2, 0.1], 'rho': array([[  0.  ,  50.17,  82.42,  32.76,  33.2 ,  35.45,  86.88,  79.11,
         43.17,  66.2 ,  84.52,  59.01,  18.45,  47.02,  93.01],
       [ 50.17,   0.  ,  72.64,  72.51,  17.06,  80.25,  39.92,  68.93,
         43.41,  42.96,  47.46,  49.74,  33.31,  53.9 ,  56.96],
       [ 82.42,  72.64,   0.  ,  71.69,  70.92,  82.51,  67.88,   3.76,
         39.74,  30.73,  45.61,  25.06,  69.71,  36.09,  44.99],
       [ 32.76,  72.51,  71.69,   0.  ,  56.56,  11.03, 101.35,  69.39,
         42.09,  68.58,  91.36,  55.19,  40.61,  37.94,  97.85],
       [ 33.2 ,  17.06,  70.92,  56.56,   0.  ,  63.68,  54.71,  67.16,
         34.89,  44.99,  56.87,  46.07,  16.43,  44.58,  66.17],
       [ 35.45,  80.25,  82.51,  11.03,  63.68,   0.  , 111.04,  80.29,
         52.78,  79.36, 101.94,  66.18,  47.3 ,  48.96, 108.62],
       [ 86.88,  39.92,  67.88, 101.35,  54.71, 111.04,   0.  ,  65.13,
         61.37,  40.82,  23.23,  56.18,  68.54,  70.11,  29.18],
       [ 79.11,  68.93,   3.76,  69.39,  67.16,  80.29,  65.13,   0.  ,
         36.26,  27.24,  43.23,  21.36,  66.13,  33.13,  43.28],
       [ 43.17,  43.41,  39.74,  42.09,  34.89,  52.78,  61.37,  36.26,
          0.  ,  26.62,  49.3 ,  15.89,  30.14,  10.51,  55.84],
       [ 66.2 ,  42.96,  30.73,  68.58,  44.99,  79.36,  40.82,  27.24,
         26.62,   0.  ,  23.54,  15.87,  49.45,  32.2 ,  29.27],
       [ 84.52,  47.46,  45.61,  91.36,  56.87, 101.94,  23.23,  43.23,
         49.3 ,  23.54,   0.  ,  39.2 ,  66.42,  55.71,   9.51],
       [ 59.01,  49.74,  25.06,  55.19,  46.07,  66.18,  56.18,  21.36,
         15.89,  15.87,  39.2 ,   0.  ,  44.98,  17.44,  43.88],
       [ 18.45,  33.31,  69.71,  40.61,  16.43,  47.3 ,  68.54,  66.13,
         30.14,  49.45,  66.42,  44.98,   0.  ,  37.3 ,  75.12],
       [ 47.02,  53.9 ,  36.09,  37.94,  44.58,  48.96,  70.11,  33.13,
         10.51,  32.2 ,  55.71,  17.44,  37.3 ,   0.  ,  61.08],
       [ 93.01,  56.96,  44.99,  97.85,  66.17, 108.62,  29.18,  43.28,
         55.84,  29.27,   9.51,  43.88,  75.12,  61.08,   0.  ]]), 'S': [697, 697, 697, 697, 697, 697, 697, 697, 697, 697, 697, 697, 697, 697, 697]} 
Set 2/4, 1000 iterations. Average profit <OPT>: 72923.82, average profit <ADPC>: 71873.26. Ratio: 0.9855937332959237. Elapsed time 17688.694072961807 sec.
Set 2/4, 1000 iterations. Average profit <OPT>: 72923.82, average profit <TIEC>: 61085.24. Ratio: 0.8376582233349817. Elapsed time 53.973726987838745 sec.
Set 2/4, 1000 iterations. Average profit <OPT>: 72923.82, average profit <LAC>: 71187.65. Ratio: 0.9761920384861892. Elapsed time 39996.10583925247 sec.
Set 2/4, 1000 iterations. Average profit <OPT>: 72923.82, average profit <NT>: 70945.00. Ratio: 0.9728645592071282. Elapsed time 7.040752172470093 sec.
Set 2/4, 1000 iterations. Average profit <OPT>: 72923.82, average profit <RCP>: 71021.47. Ratio: 0.9739131877622422. Elapsed time 6.8871848583221436 sec.
