Iter 1/4. Initiating ADPC policy start.
Set 1/4. Initiating ADPC policy end. Elaplsed time 5498.00062417984 sec.
Finished Running Set 1 from test id 0 with params: {'Distrbution': 'Poission', 'L': 10, 'T': 28, 'h': [5, 5, 5, 5, 5, 5, 5, 5, 5, 5], 'p': [80, 80, 80, 80, 80, 80, 80, 80, 80, 80], 'mu': [24, 24, 24, 24, 24, 24, 24, 24, 24, 24], 'c': 0.5, 'tc_u': [0, 5, 20, 30, 40], 'tc_m': [1, 0.5, 0.25, 0.2, 0.1], 'rho': array([[  0.  ,  50.17,  82.42,  32.76,  33.2 ,  35.45,  86.88,  79.11,
         43.17,  66.2 ],
       [ 50.17,   0.  ,  72.64,  72.51,  17.06,  80.25,  39.92,  68.93,
         43.41,  42.96],
       [ 82.42,  72.64,   0.  ,  71.69,  70.92,  82.51,  67.88,   3.76,
         39.74,  30.73],
       [ 32.76,  72.51,  71.69,   0.  ,  56.56,  11.03, 101.35,  69.39,
         42.09,  68.58],
       [ 33.2 ,  17.06,  70.92,  56.56,   0.  ,  63.68,  54.71,  67.16,
         34.89,  44.99],
       [ 35.45,  80.25,  82.51,  11.03,  63.68,   0.  , 111.04,  80.29,
         52.78,  79.36],
       [ 86.88,  39.92,  67.88, 101.35,  54.71, 111.04,   0.  ,  65.13,
         61.37,  40.82],
       [ 79.11,  68.93,   3.76,  69.39,  67.16,  80.29,  65.13,   0.  ,
         36.26,  27.24],
       [ 43.17,  43.41,  39.74,  42.09,  34.89,  52.78,  61.37,  36.26,
          0.  ,  26.62],
       [ 66.2 ,  42.96,  30.73,  68.58,  44.99,  79.36,  40.82,  27.24,
         26.62,   0.  ]]), 'S': [697, 697, 697, 697, 697, 697, 697, 697, 697, 697]} 
Iter 1/4. Initiating TIEC policy start.
Set 1/4. Initiating TIEC policy end. Elaplsed time 9.298324584960938e-05 sec.
Finished Running Set 1 from test id 0 with params: {'Distrbution': 'Poission', 'L': 10, 'T': 28, 'h': [5, 5, 5, 5, 5, 5, 5, 5, 5, 5], 'p': [80, 80, 80, 80, 80, 80, 80, 80, 80, 80], 'mu': [24, 24, 24, 24, 24, 24, 24, 24, 24, 24], 'c': 0.5, 'tc_u': [0, 5, 20, 30, 40], 'tc_m': [1, 0.5, 0.25, 0.2, 0.1], 'rho': array([[  0.  ,  50.17,  82.42,  32.76,  33.2 ,  35.45,  86.88,  79.11,
         43.17,  66.2 ],
       [ 50.17,   0.  ,  72.64,  72.51,  17.06,  80.25,  39.92,  68.93,
         43.41,  42.96],
       [ 82.42,  72.64,   0.  ,  71.69,  70.92,  82.51,  67.88,   3.76,
         39.74,  30.73],
       [ 32.76,  72.51,  71.69,   0.  ,  56.56,  11.03, 101.35,  69.39,
         42.09,  68.58],
       [ 33.2 ,  17.06,  70.92,  56.56,   0.  ,  63.68,  54.71,  67.16,
         34.89,  44.99],
       [ 35.45,  80.25,  82.51,  11.03,  63.68,   0.  , 111.04,  80.29,
         52.78,  79.36],
       [ 86.88,  39.92,  67.88, 101.35,  54.71, 111.04,   0.  ,  65.13,
         61.37,  40.82],
       [ 79.11,  68.93,   3.76,  69.39,  67.16,  80.29,  65.13,   0.  ,
         36.26,  27.24],
       [ 43.17,  43.41,  39.74,  42.09,  34.89,  52.78,  61.37,  36.26,
          0.  ,  26.62],
       [ 66.2 ,  42.96,  30.73,  68.58,  44.99,  79.36,  40.82,  27.24,
         26.62,   0.  ]]), 'S': [697, 697, 697, 697, 697, 697, 697, 697, 697, 697]} 
Iter 1/4. Initiating LAC policy start.
Set 1/4. Initiating LAC policy end. Elaplsed time 6.103515625e-05 sec.
Finished Running Set 1 from test id 0 with params: {'Distrbution': 'Poission', 'L': 10, 'T': 28, 'h': [5, 5, 5, 5, 5, 5, 5, 5, 5, 5], 'p': [80, 80, 80, 80, 80, 80, 80, 80, 80, 80], 'mu': [24, 24, 24, 24, 24, 24, 24, 24, 24, 24], 'c': 0.5, 'tc_u': [0, 5, 20, 30, 40], 'tc_m': [1, 0.5, 0.25, 0.2, 0.1], 'rho': array([[  0.  ,  50.17,  82.42,  32.76,  33.2 ,  35.45,  86.88,  79.11,
         43.17,  66.2 ],
       [ 50.17,   0.  ,  72.64,  72.51,  17.06,  80.25,  39.92,  68.93,
         43.41,  42.96],
       [ 82.42,  72.64,   0.  ,  71.69,  70.92,  82.51,  67.88,   3.76,
         39.74,  30.73],
       [ 32.76,  72.51,  71.69,   0.  ,  56.56,  11.03, 101.35,  69.39,
         42.09,  68.58],
       [ 33.2 ,  17.06,  70.92,  56.56,   0.  ,  63.68,  54.71,  67.16,
         34.89,  44.99],
       [ 35.45,  80.25,  82.51,  11.03,  63.68,   0.  , 111.04,  80.29,
         52.78,  79.36],
       [ 86.88,  39.92,  67.88, 101.35,  54.71, 111.04,   0.  ,  65.13,
         61.37,  40.82],
       [ 79.11,  68.93,   3.76,  69.39,  67.16,  80.29,  65.13,   0.  ,
         36.26,  27.24],
       [ 43.17,  43.41,  39.74,  42.09,  34.89,  52.78,  61.37,  36.26,
          0.  ,  26.62],
       [ 66.2 ,  42.96,  30.73,  68.58,  44.99,  79.36,  40.82,  27.24,
         26.62,   0.  ]]), 'S': [697, 697, 697, 697, 697, 697, 697, 697, 697, 697]} 
Iter 1/4. Initiating NT policy start.
Set 1/4. Initiating NT policy end. Elaplsed time 4.1961669921875e-05 sec.
Finished Running Set 1 from test id 0 with params: {'Distrbution': 'Poission', 'L': 10, 'T': 28, 'h': [5, 5, 5, 5, 5, 5, 5, 5, 5, 5], 'p': [80, 80, 80, 80, 80, 80, 80, 80, 80, 80], 'mu': [24, 24, 24, 24, 24, 24, 24, 24, 24, 24], 'c': 0.5, 'tc_u': [0, 5, 20, 30, 40], 'tc_m': [1, 0.5, 0.25, 0.2, 0.1], 'rho': array([[  0.  ,  50.17,  82.42,  32.76,  33.2 ,  35.45,  86.88,  79.11,
         43.17,  66.2 ],
       [ 50.17,   0.  ,  72.64,  72.51,  17.06,  80.25,  39.92,  68.93,
         43.41,  42.96],
       [ 82.42,  72.64,   0.  ,  71.69,  70.92,  82.51,  67.88,   3.76,
         39.74,  30.73],
       [ 32.76,  72.51,  71.69,   0.  ,  56.56,  11.03, 101.35,  69.39,
         42.09,  68.58],
       [ 33.2 ,  17.06,  70.92,  56.56,   0.  ,  63.68,  54.71,  67.16,
         34.89,  44.99],
       [ 35.45,  80.25,  82.51,  11.03,  63.68,   0.  , 111.04,  80.29,
         52.78,  79.36],
       [ 86.88,  39.92,  67.88, 101.35,  54.71, 111.04,   0.  ,  65.13,
         61.37,  40.82],
       [ 79.11,  68.93,   3.76,  69.39,  67.16,  80.29,  65.13,   0.  ,
         36.26,  27.24],
       [ 43.17,  43.41,  39.74,  42.09,  34.89,  52.78,  61.37,  36.26,
          0.  ,  26.62],
       [ 66.2 ,  42.96,  30.73,  68.58,  44.99,  79.36,  40.82,  27.24,
         26.62,   0.  ]]), 'S': [697, 697, 697, 697, 697, 697, 697, 697, 697, 697]} 
Iter 1/4. Initiating RCP policy start.
Set 1/4. Initiating RCP policy end. Elaplsed time 3.790855407714844e-05 sec.
Finished Running Set 1 from test id 0 with params: {'Distrbution': 'Poission', 'L': 10, 'T': 28, 'h': [5, 5, 5, 5, 5, 5, 5, 5, 5, 5], 'p': [80, 80, 80, 80, 80, 80, 80, 80, 80, 80], 'mu': [24, 24, 24, 24, 24, 24, 24, 24, 24, 24], 'c': 0.5, 'tc_u': [0, 5, 20, 30, 40], 'tc_m': [1, 0.5, 0.25, 0.2, 0.1], 'rho': array([[  0.  ,  50.17,  82.42,  32.76,  33.2 ,  35.45,  86.88,  79.11,
         43.17,  66.2 ],
       [ 50.17,   0.  ,  72.64,  72.51,  17.06,  80.25,  39.92,  68.93,
         43.41,  42.96],
       [ 82.42,  72.64,   0.  ,  71.69,  70.92,  82.51,  67.88,   3.76,
         39.74,  30.73],
       [ 32.76,  72.51,  71.69,   0.  ,  56.56,  11.03, 101.35,  69.39,
         42.09,  68.58],
       [ 33.2 ,  17.06,  70.92,  56.56,   0.  ,  63.68,  54.71,  67.16,
         34.89,  44.99],
       [ 35.45,  80.25,  82.51,  11.03,  63.68,   0.  , 111.04,  80.29,
         52.78,  79.36],
       [ 86.88,  39.92,  67.88, 101.35,  54.71, 111.04,   0.  ,  65.13,
         61.37,  40.82],
       [ 79.11,  68.93,   3.76,  69.39,  67.16,  80.29,  65.13,   0.  ,
         36.26,  27.24],
       [ 43.17,  43.41,  39.74,  42.09,  34.89,  52.78,  61.37,  36.26,
          0.  ,  26.62],
       [ 66.2 ,  42.96,  30.73,  68.58,  44.99,  79.36,  40.82,  27.24,
         26.62,   0.  ]]), 'S': [697, 697, 697, 697, 697, 697, 697, 697, 697, 697]} 
Set 1/4, 1000 iterations. Average profit <OPT>: 17434.53, average profit <ADPC>: 16684.36. Ratio: 0.9569718951494831. Elapsed time 8626.475688934326 sec.
Set 1/4, 1000 iterations. Average profit <OPT>: 17434.53, average profit <TIEC>: 7839.68. Ratio: 0.44966398587630874. Elapsed time 26.527204990386963 sec.
Set 1/4, 1000 iterations. Average profit <OPT>: 17434.53, average profit <LAC>: 17264.40. Ratio: 0.9902414948262179. Elapsed time 4576.383847951889 sec.
Set 1/4, 1000 iterations. Average profit <OPT>: 17434.53, average profit <NT>: 16435.00. Ratio: 0.9426692481330876. Elapsed time 4.441180944442749 sec.
Set 1/4, 1000 iterations. Average profit <OPT>: 17434.53, average profit <RCP>: 16435.00. Ratio: 0.9426692481330876. Elapsed time 4.436331033706665 sec.
